50

28 128 791
1 9 0.2
1 4 0.2
1 16 0.3
1 2 0.1
1 13 0.2
2 23 0.1
2 21 0.1
2 14 0.2
2 8 0.1
2 12 0.2
2 28 0.1
2 10 0.1
2 9 0.1
3 26 0.2
3 4 0.1
3 22 0.1
3 28 0.2
3 27 0.4
4 22 0.3
4 18 0.1
4 6 0.2
4 9 0.4
5 16 0.1
5 22 0.1
5 27 0.1
5 26 0.1
5 21 0.1
5 17 0.1
5 24 0.1
5 18 0.2
5 15 0.1
6 26 0.5
6 8 0.3
6 25 0.1
6 4 0.1
7 28 0.1
7 14 0.1
7 4 0.1
7 6 0.1
7 24 0.1
7 11 0.1
7 16 0.1
7 10 0.1
7 12 0.1
7 13 0.1
8 12 1.0
9 10 0.6
9 14 0.4
10 4 0.1
10 14 0.1
10 22 0.3
10 21 0.3
10 25 0.1
10 5 0.1
11 7 1.0
12 13 0.2
12 11 0.2
12 18 0.1
12 9 0.2
12 20 0.1
12 8 0.1
12 17 0.1
13 25 0.6
13 10 0.1
13 22 0.3
14 8 0.1
14 22 0.1
14 3 0.1
14 16 0.3
14 6 0.1
14 4 0.1
14 27 0.1
14 15 0.1
15 13 0.1
15 21 0.1
15 27 0.1
15 2 0.2
15 18 0.2
15 14 0.1
15 24 0.1
15 22 0.1
16 26 0.1
16 27 0.1
16 17 0.2
16 22 0.1
16 4 0.1
16 11 0.2
16 20 0.1
16 15 0.1
17 25 0.2
17 14 0.1
17 7 0.2
17 10 0.1
17 2 0.2
17 4 0.2
18 12 0.2
18 14 0.1
18 4 0.3
18 20 0.4
19 10 0.2
19 17 0.1
19 6 0.2
19 20 0.3
19 14 0.2
20 19 0.1
20 27 0.1
20 9 0.2
20 16 0.1
20 22 0.2
20 4 0.1
20 23 0.1
20 8 0.1
21 3 0.6
21 21 0.4
22 3 1.0
23 16 1.0
24 28 1.0
25 25 1.0
26 7 0.3
26 21 0.1
26 11 0.6
27 21 1.0
28 12 0.1
28 28 0.3
28 2 0.2
28 3 0.2
28 17 0.1
28 16 0.1

74 367 592
1 71 0.6
1 42 0.4
2 11 0.1
2 36 0.1
2 5 0.1
2 71 0.1
2 47 0.1
2 15 0.1
2 6 0.1
2 44 0.1
2 61 0.1
2 52 0.1
3 55 0.6
3 54 0.4
4 38 0.4
4 24 0.1
4 59 0.5
5 49 0.5
5 14 0.5
6 13 0.3
6 19 0.1
6 53 0.2
6 7 0.2
6 10 0.2
7 32 0.3
7 10 0.2
7 15 0.1
7 56 0.2
7 60 0.2
8 68 0.5
8 13 0.5
9 49 0.1
9 66 0.1
9 8 0.1
9 4 0.1
9 51 0.1
9 44 0.1
9 22 0.1
9 28 0.1
9 23 0.1
9 24 0.1
10 44 1.0
11 32 1.0
12 20 0.2
12 59 0.6
12 24 0.2
13 58 1.0
14 27 0.1
14 39 0.2
14 8 0.5
14 38 0.1
14 6 0.1
15 58 0.5
15 61 0.5
16 2 0.1
16 56 0.1
16 44 0.1
16 35 0.1
16 61 0.1
16 6 0.1
16 48 0.1
16 51 0.1
16 30 0.1
16 72 0.1
17 73 0.1
17 5 0.1
17 10 0.1
17 34 0.1
17 59 0.1
17 25 0.1
17 52 0.1
17 60 0.1
17 23 0.1
17 11 0.1
18 65 0.2
18 63 0.1
18 53 0.1
18 29 0.1
18 69 0.1
18 41 0.1
18 19 0.1
18 73 0.1
18 27 0.1
19 24 0.1
19 59 0.1
19 70 0.2
19 68 0.2
19 55 0.1
19 8 0.2
19 50 0.1
20 67 0.1
20 43 0.1
20 54 0.1
20 17 0.1
20 37 0.1
20 70 0.1
20 19 0.1
20 31 0.1
20 59 0.1
20 25 0.1
21 27 0.1
21 73 0.1
21 74 0.3
21 4 0.5
22 6 0.2
22 19 0.3
22 36 0.1
22 25 0.1
22 13 0.1
22 35 0.1
22 70 0.1
23 9 0.1
23 8 0.3
23 71 0.2
23 47 0.3
23 15 0.1
24 31 0.1
24 13 0.1
24 68 0.2
24 72 0.1
24 49 0.1
24 69 0.1
24 22 0.1
24 2 0.1
24 18 0.1
25 64 0.2
25 25 0.3
25 43 0.2
25 6 0.2
25 16 0.1
26 73 0.4
26 22 0.6
27 62 0.2
27 67 0.3
27 8 0.1
27 72 0.3
27 5 0.1
28 38 0.7
28 21 0.3
29 45 0.5
29 15 0.5
30 25 0.3
30 45 0.4
30 30 0.3
31 53 0.3
31 11 0.5
31 22 0.2
32 71 0.2
32 35 0.4
32 28 0.4
33 14 0.5
33 71 0.2
33 30 0.3
34 74 0.1
34 14 0.1
34 73 0.1
34 63 0.2
34 69 0.1
34 23 0.3
34 65 0.1
35 20 0.2
35 43 0.4
35 56 0.4
36 23 0.7
36 27 0.3
37 45 0.7
37 53 0.3
38 24 0.3
38 54 0.1
38 9 0.1
38 55 0.1
38 21 0.1
38 42 0.1
38 14 0.1
38 51 0.1
39 47 1.0
40 70 0.3
40 57 0.4
40 17 0.3
41 26 0.1
41 8 0.1
41 34 0.1
41 31 0.1
41 42 0.1
41 16 0.1
41 49 0.1
41 15 0.1
41 10 0.1
41 52 0.1
42 57 1.0
43 13 1.0
44 33 0.1
44 53 0.1
44 22 0.1
44 54 0.2
44 52 0.1
44 24 0.2
44 25 0.2
45 7 0.4
45 50 0.2
45 18 0.1
45 67 0.1
45 23 0.1
45 62 0.1
46 32 1.0
47 52 0.2
47 67 0.8
48 13 0.1
48 3 0.3
48 60 0.1
48 71 0.5
49 9 0.1
49 33 0.1
49 11 0.2
49 5 0.2
49 65 0.1
49 72 0.1
49 16 0.1
49 74 0.1
50 29 0.3
50 19 0.1
50 56 0.1
50 16 0.1
50 10 0.2
50 50 0.1
50 68 0.1
51 16 0.2
51 53 0.1
51 71 0.1
51 50 0.1
51 26 0.3
51 8 0.1
51 31 0.1
52 21 0.1
52 55 0.1
52 52 0.2
52 13 0.1
52 33 0.1
52 31 0.1
52 29 0.1
52 28 0.1
52 56 0.1
53 41 0.6
53 31 0.4
54 51 0.1
54 59 0.1
54 40 0.2
54 56 0.3
54 30 0.3
55 57 0.4
55 29 0.6
56 35 0.2
56 49 0.1
56 36 0.1
56 11 0.2
56 63 0.1
56 50 0.1
56 60 0.1
56 21 0.1
57 6 0.1
57 34 0.1
57 74 0.1
57 63 0.3
57 67 0.3
57 61 0.1
58 17 0.4
58 6 0.3
58 11 0.2
58 15 0.1
59 24 0.1
59 46 0.1
59 12 0.1
59 52 0.1
59 50 0.1
59 35 0.1
59 33 0.1
59 32 0.1
59 49 0.2
60 64 0.1
60 74 0.1
60 3 0.1
60 22 0.1
60 5 0.1
60 8 0.1
60 12 0.2
60 69 0.2
61 19 0.1
61 32 0.1
61 25 0.2
61 68 0.3
61 58 0.1
61 11 0.1
61 26 0.1
62 62 0.2
62 19 0.1
62 17 0.1
62 7 0.1
62 16 0.1
62 48 0.1
62 43 0.1
62 35 0.1
62 61 0.1
63 38 0.1
63 50 0.1
63 73 0.1
63 7 0.1
63 66 0.1
63 54 0.1
63 22 0.1
63 42 0.1
63 33 0.2
64 2 0.1
64 57 0.1
64 22 0.4
64 31 0.3
64 56 0.1
65 20 0.1
65 21 0.1
65 48 0.1
65 52 0.1
65 56 0.2
65 41 0.2
65 38 0.1
65 47 0.1
66 2 0.3
66 3 0.1
66 50 0.2
66 5 0.2
66 68 0.2
67 48 1.0
68 8 1.0
69 68 0.2
69 8 0.2
69 6 0.2
69 59 0.1
69 46 0.1
69 49 0.2
70 37 0.1
70 70 0.1
70 34 0.1
70 60 0.1
70 56 0.1
70 53 0.1
70 25 0.1
70 59 0.2
70 10 0.1
71 14 0.1
71 59 0.1
71 2 0.1
71 52 0.1
71 38 0.1
71 30 0.1
71 48 0.1
71 26 0.3
72 63 0.3
72 4 0.1
72 47 0.2
72 33 0.4
73 18 0.1
73 51 0.2
73 20 0.2
73 58 0.1
73 56 0.1
73 48 0.1
73 42 0.2
74 58 0.3
74 72 0.7

68 380 610
1 25 0.5
1 20 0.4
1 17 0.1
2 21 0.3
2 34 0.2
2 46 0.1
2 35 0.3
2 59 0.1
3 10 0.2
3 16 0.2
3 18 0.2
3 8 0.2
3 60 0.2
4 32 0.1
4 49 0.1
4 61 0.1
4 13 0.1
4 44 0.2
4 55 0.1
4 42 0.2
4 59 0.1
5 21 0.5
5 9 0.2
5 30 0.3
6 28 0.1
6 45 0.1
6 68 0.1
6 63 0.1
6 19 0.1
6 10 0.1
6 16 0.1
6 62 0.1
6 43 0.1
6 8 0.1
7 53 0.2
7 48 0.1
7 4 0.2
7 32 0.2
7 9 0.3
8 17 0.1
8 3 0.3
8 2 0.1
8 26 0.1
8 39 0.1
8 25 0.3
9 3 0.1
9 64 0.1
9 37 0.1
9 67 0.1
9 51 0.1
9 12 0.1
9 29 0.2
9 60 0.2
10 31 0.1
10 24 0.1
10 40 0.1
10 59 0.1
10 38 0.1
10 25 0.1
10 61 0.1
10 39 0.1
10 57 0.1
10 51 0.1
11 25 1.0
12 42 0.4
12 14 0.2
12 6 0.3
12 45 0.1
13 64 0.1
13 27 0.1
13 20 0.1
13 6 0.1
13 46 0.1
13 29 0.1
13 19 0.2
13 42 0.1
13 58 0.1
14 12 0.2
14 3 0.1
14 20 0.1
14 23 0.1
14 62 0.1
14 59 0.1
14 50 0.1
14 40 0.1
14 66 0.1
15 9 0.2
15 51 0.1
15 6 0.2
15 17 0.2
15 40 0.3
16 39 0.1
16 15 0.1
16 53 0.2
16 24 0.3
16 65 0.2
16 63 0.1
17 61 0.1
17 68 0.1
17 32 0.2
17 24 0.2
17 63 0.3
17 5 0.1
18 36 0.1
18 17 0.1
18 30 0.1
18 18 0.1
18 45 0.2
18 9 0.1
18 67 0.1
18 62 0.1
18 8 0.1
19 61 0.6
19 43 0.4
20 35 1.0
21 63 0.3
21 49 0.7
22 4 0.1
22 54 0.1
22 3 0.1
22 26 0.3
22 61 0.3
22 49 0.1
23 19 0.1
23 43 0.1
23 56 0.2
23 16 0.1
23 55 0.1
23 34 0.1
23 67 0.1
23 26 0.1
23 11 0.1
24 40 0.2
24 16 0.3
24 50 0.2
24 47 0.3
25 68 0.4
25 28 0.6
26 30 0.1
26 26 0.1
26 22 0.2
26 41 0.2
26 49 0.1
26 6 0.1
26 46 0.1
26 44 0.1
27 51 0.1
27 7 0.1
27 19 0.1
27 55 0.1
27 22 0.1
27 23 0.1
27 56 0.1
27 20 0.1
27 60 0.1
27 4 0.1
28 23 0.5
28 40 0.2
28 41 0.3
29 65 0.1
29 8 0.3
29 47 0.1
29 55 0.5
30 12 1.0
31 23 0.1
31 6 0.2
31 27 0.1
31 18 0.1
31 48 0.1
31 8 0.1
31 44 0.1
31 37 0.1
31 11 0.1
32 16 0.1
32 14 0.2
32 31 0.2
32 64 0.2
32 32 0.3
33 48 0.2
33 8 0.1
33 2 0.1
33 25 0.2
33 27 0.1
33 47 0.1
33 30 0.1
33 49 0.1
34 52 0.1
34 35 0.2
34 38 0.2
34 40 0.3
34 32 0.2
35 8 0.2
35 59 0.2
35 38 0.1
35 57 0.2
35 23 0.2
35 32 0.1
36 22 0.1
36 40 0.1
36 68 0.1
36 3 0.2
36 47 0.1
36 5 0.1
36 31 0.1
36 65 0.1
36 12 0.1
37 9 0.1
37 53 0.2
37 26 0.1
37 15 0.1
37 4 0.2
37 20 0.1
37 11 0.1
37 54 0.1
38 23 0.1
38 38 0.1
38 54 0.1
38 22 0.1
38 45 0.2
38 35 0.1
38 37 0.1
38 58 0.2
39 60 0.1
39 44 0.2
39 58 0.2
39 22 0.1
39 51 0.1
39 31 0.1
39 21 0.1
39 24 0.1
40 6 0.1
40 21 0.1
40 16 0.1
40 18 0.2
40 30 0.1
40 34 0.1
40 8 0.1
40 33 0.1
40 2 0.1
41 25 0.1
41 31 0.1
41 49 0.1
41 38 0.1
41 53 0.1
41 61 0.1
41 4 0.1
41 64 0.1
41 63 0.1
41 29 0.1
42 54 1.0
43 57 0.2
43 21 0.2
43 58 0.1
43 62 0.1
43 4 0.1
43 30 0.3
44 66 0.1
44 42 0.2
44 19 0.1
44 58 0.1
44 7 0.1
44 13 0.1
44 47 0.3
45 2 0.2
45 62 0.2
45 35 0.1
45 37 0.2
45 32 0.1
45 39 0.2
46 4 0.1
46 62 0.1
46 45 0.1
46 28 0.1
46 34 0.1
46 54 0.1
46 41 0.1
46 43 0.1
46 55 0.1
46 49 0.1
47 6 1.0
48 51 1.0
49 17 0.1
49 16 0.1
49 64 0.2
49 63 0.2
49 38 0.1
49 37 0.1
49 22 0.2
50 20 0.1
50 17 0.1
50 36 0.1
50 49 0.1
50 66 0.1
50 5 0.1
50 10 0.1
50 22 0.1
50 38 0.1
50 9 0.1
51 61 0.2
51 9 0.3
51 15 0.5
52 49 0.1
52 27 0.1
52 10 0.1
52 50 0.1
52 30 0.2
52 2 0.1
52 18 0.1
52 36 0.2
53 33 0.1
53 10 0.1
53 19 0.1
53 25 0.1
53 66 0.2
53 57 0.2
53 28 0.1
53 21 0.1
54 56 0.4
54 17 0.6
55 38 0.2
55 49 0.2
55 25 0.2
55 64 0.2
55 40 0.1
55 11 0.1
56 18 0.2
56 10 0.2
56 37 0.1
56 14 0.1
56 53 0.1
56 67 0.1
56 6 0.1
56 26 0.1
57 21 0.3
57 9 0.1
57 64 0.2
57 27 0.1
57 55 0.2
57 4 0.1
58 60 0.4
58 40 0.2
58 63 0.1
58 56 0.2
58 18 0.1
59 23 0.2
59 20 0.2
59 15 0.3
59 47 0.3
60 40 1.0
61 30 0.1
61 66 0.1
61 20 0.1
61 36 0.1
61 29 0.1
61 45 0.1
61 25 0.2
61 44 0.1
61 37 0.1
62 36 1.0
63 18 0.5
63 15 0.5
64 41 1.0
65 56 0.1
65 66 0.3
65 24 0.2
65 34 0.4
66 40 0.3
66 45 0.2
66 65 0.5
67 49 1.0
68 3 0.1
68 33 0.1
68 44 0.1
68 16 0.1
68 17 0.1
68 67 0.1
68 40 0.1
68 48 0.1
68 9 0.1
68 15 0.1

23 129 170
1 13 0.2
1 8 0.3
1 2 0.2
1 21 0.3
2 5 0.3
2 16 0.4
2 21 0.3
3 20 0.7
3 23 0.3
4 2 0.2
4 5 0.1
4 9 0.3
4 16 0.2
4 4 0.1
4 8 0.1
5 8 0.4
5 17 0.2
5 19 0.1
5 23 0.3
6 17 0.1
6 20 0.3
6 11 0.1
6 8 0.1
6 10 0.1
6 14 0.1
6 19 0.1
6 2 0.1
7 10 0.1
7 20 0.2
7 21 0.1
7 23 0.2
7 4 0.2
7 18 0.2
8 7 0.3
8 6 0.7
9 17 0.1
9 9 0.1
9 8 0.1
9 7 0.1
9 13 0.1
9 11 0.1
9 21 0.1
9 5 0.2
9 23 0.1
10 6 0.1
10 2 0.1
10 7 0.1
10 15 0.1
10 8 0.1
10 20 0.1
10 18 0.1
10 5 0.1
10 16 0.1
10 9 0.1
11 8 0.1
11 3 0.1
11 11 0.1
11 4 0.1
11 17 0.1
11 5 0.1
11 9 0.1
11 15 0.1
11 16 0.1
11 21 0.1
12 15 0.4
12 3 0.2
12 14 0.4
13 3 0.1
13 18 0.1
13 14 0.1
13 11 0.1
13 7 0.1
13 5 0.1
13 10 0.1
13 8 0.1
13 12 0.1
13 19 0.1
14 7 0.1
14 4 0.1
14 3 0.1
14 14 0.1
14 5 0.1
14 12 0.1
14 11 0.1
14 21 0.1
14 10 0.1
14 20 0.1
15 18 0.2
15 9 0.2
15 4 0.2
15 3 0.1
15 7 0.2
15 22 0.1
16 15 1.0
17 14 0.1
17 8 0.1
17 9 0.1
17 2 0.1
17 11 0.2
17 20 0.1
17 6 0.1
17 13 0.1
17 22 0.1
18 20 0.6
18 9 0.4
19 19 1.0
20 3 0.1
20 2 0.1
20 6 0.1
20 18 0.2
20 12 0.1
20 17 0.1
20 8 0.1
20 16 0.2
21 6 0.2
21 4 0.1
21 3 0.2
21 18 0.2
21 21 0.1
21 15 0.2
22 8 1.0
23 22 0.1
23 15 0.2
23 13 0.1
23 19 0.1
23 12 0.1
23 7 0.1
23 9 0.1
23 20 0.2

18 111 436
1 12 0.1
1 9 0.1
1 15 0.1
1 17 0.1
1 7 0.1
1 18 0.1
1 8 0.1
1 5 0.1
1 14 0.1
1 11 0.1
2 4 0.1
2 13 0.1
2 14 0.1
2 16 0.1
2 9 0.1
2 3 0.1
2 8 0.1
2 17 0.1
2 2 0.1
2 15 0.1
3 9 0.3
3 5 0.1
3 13 0.2
3 10 0.1
3 16 0.3
4 4 0.1
4 8 0.2
4 5 0.2
4 7 0.2
4 12 0.1
4 3 0.1
4 10 0.1
5 16 0.1
5 13 0.1
5 7 0.1
5 4 0.2
5 2 0.1
5 6 0.1
5 18 0.1
5 11 0.1
5 12 0.1
6 5 0.2
6 18 0.1
6 14 0.1
6 9 0.1
6 4 0.1
6 3 0.2
6 15 0.1
6 2 0.1
7 17 0.1
7 18 0.1
7 13 0.1
7 15 0.1
7 4 0.1
7 2 0.1
7 7 0.1
7 5 0.1
7 16 0.2
8 2 0.1
8 12 0.1
8 8 0.6
8 7 0.2
9 3 0.1
9 7 0.1
9 12 0.1
9 9 0.2
9 17 0.1
9 8 0.1
9 6 0.1
9 10 0.1
9 15 0.1
10 15 0.1
10 6 0.2
10 18 0.1
10 12 0.1
10 5 0.1
10 14 0.1
10 4 0.1
10 3 0.1
10 9 0.1
11 3 0.2
11 15 0.1
11 7 0.1
11 2 0.2
11 18 0.1
11 13 0.1
11 10 0.2
12 14 0.1
12 11 0.3
12 10 0.2
12 5 0.1
12 8 0.3
13 15 1.0
14 4 0.4
14 9 0.3
14 8 0.3
15 6 0.1
15 5 0.1
15 15 0.1
15 2 0.1
15 10 0.1
15 14 0.2
15 16 0.2
15 9 0.1
16 9 1.0
17 11 1.0
18 8 0.1
18 15 0.1
18 14 0.2
18 5 0.3
18 7 0.3

63 365 884
1 40 0.3
1 11 0.1
1 63 0.2
1 26 0.1
1 27 0.2
1 60 0.1
2 13 0.1
2 55 0.1
2 25 0.1
2 28 0.1
2 54 0.1
2 62 0.1
2 60 0.1
2 22 0.1
2 14 0.1
2 56 0.1
3 43 0.1
3 56 0.1
3 22 0.1
3 4 0.1
3 52 0.1
3 62 0.1
3 46 0.2
3 38 0.1
3 29 0.1
4 33 0.2
4 8 0.4
4 35 0.4
5 40 0.1
5 61 0.1
5 19 0.1
5 10 0.1
5 18 0.1
5 2 0.1
5 20 0.2
5 63 0.1
5 51 0.1
6 23 0.1
6 33 0.1
6 27 0.1
6 55 0.2
6 16 0.1
6 31 0.1
6 50 0.3
7 54 0.1
7 43 0.5
7 8 0.4
8 44 0.2
8 23 0.2
8 61 0.4
8 52 0.2
9 48 0.1
9 4 0.1
9 22 0.1
9 50 0.1
9 37 0.1
9 10 0.1
9 7 0.1
9 17 0.2
9 24 0.1
10 17 0.1
10 9 0.2
10 45 0.1
10 59 0.1
10 48 0.1
10 18 0.1
10 22 0.1
10 29 0.2
11 47 0.1
11 33 0.1
11 48 0.1
11 28 0.1
11 56 0.1
11 34 0.1
11 63 0.1
11 8 0.1
11 32 0.1
11 7 0.1
12 43 0.5
12 28 0.5
13 49 0.3
13 60 0.2
13 4 0.2
13 57 0.3
14 5 0.3
14 39 0.2
14 2 0.1
14 22 0.2
14 40 0.2
15 9 0.5
15 29 0.5
16 30 0.1
16 5 0.4
16 53 0.3
16 61 0.1
16 59 0.1
17 55 0.2
17 52 0.1
17 29 0.1
17 9 0.1
17 30 0.2
17 57 0.1
17 60 0.2
18 43 0.1
18 23 0.1
18 6 0.2
18 63 0.1
18 54 0.1
18 10 0.1
18 35 0.1
18 14 0.2
19 18 0.1
19 7 0.1
19 15 0.2
19 34 0.1
19 16 0.2
19 24 0.2
19 3 0.1
20 15 0.1
20 19 0.3
20 45 0.1
20 18 0.1
20 7 0.1
20 59 0.3
21 8 0.4
21 42 0.4
21 17 0.2
22 62 1.0
23 55 0.1
23 54 0.1
23 5 0.3
23 58 0.1
23 49 0.3
23 18 0.1
24 33 0.3
24 30 0.3
24 3 0.1
24 8 0.2
24 19 0.1
25 61 0.3
25 48 0.1
25 47 0.2
25 27 0.1
25 38 0.1
25 45 0.2
26 7 0.4
26 61 0.6
27 16 1.0
28 38 0.1
28 43 0.1
28 11 0.1
28 51 0.1
28 26 0.1
28 39 0.1
28 63 0.1
28 9 0.2
28 7 0.1
29 47 0.3
29 14 0.3
29 10 0.3
29 57 0.1
30 43 0.1
30 11 0.1
30 27 0.1
30 58 0.1
30 57 0.1
30 35 0.1
30 60 0.1
30 54 0.1
30 25 0.1
30 63 0.1
31 19 0.1
31 50 0.1
31 10 0.2
31 54 0.1
31 25 0.1
31 30 0.1
31 43 0.1
31 47 0.1
31 17 0.1
32 18 0.6
32 5 0.4
33 51 0.1
33 12 0.1
33 46 0.2
33 18 0.3
33 39 0.1
33 49 0.1
33 27 0.1
34 52 0.1
34 40 0.1
34 33 0.1
34 43 0.1
34 30 0.1
34 21 0.1
34 36 0.1
34 18 0.1
34 12 0.2
35 17 0.1
35 6 0.3
35 41 0.2
35 27 0.1
35 56 0.1
35 33 0.2
36 10 0.2
36 59 0.8
37 42 0.1
37 46 0.3
37 8 0.1
37 21 0.1
37 27 0.2
37 35 0.1
37 41 0.1
38 15 0.1
38 42 0.1
38 48 0.1
38 26 0.2
38 5 0.1
38 6 0.1
38 63 0.1
38 29 0.2
39 44 0.3
39 17 0.1
39 47 0.2
39 19 0.1
39 5 0.1
39 27 0.1
39 13 0.1
40 60 0.2
40 37 0.2
40 61 0.2
40 23 0.4
41 39 0.1
41 28 0.1
41 33 0.2
41 35 0.1
41 4 0.2
41 51 0.1
41 19 0.1
41 40 0.1
42 29 0.1
42 63 0.1
42 43 0.2
42 32 0.1
42 2 0.1
42 46 0.1
42 44 0.1
42 5 0.1
42 30 0.1
43 43 0.3
43 38 0.7
44 44 0.3
44 26 0.1
44 40 0.1
44 28 0.1
44 18 0.1
44 39 0.3
45 55 0.4
45 43 0.2
45 16 0.2
45 27 0.2
46 60 0.1
46 55 0.1
46 2 0.1
46 11 0.1
46 19 0.1
46 43 0.1
46 20 0.1
46 63 0.1
46 48 0.1
46 56 0.1
47 24 0.1
47 35 0.2
47 39 0.1
47 30 0.2
47 50 0.3
47 8 0.1
48 26 0.1
48 10 0.1
48 11 0.2
48 54 0.3
48 42 0.2
48 12 0.1
49 57 0.1
49 13 0.1
49 4 0.3
49 32 0.1
49 48 0.3
49 61 0.1
50 20 1.0
51 39 0.3
51 31 0.2
51 48 0.1
51 51 0.2
51 40 0.2
52 55 0.1
52 34 0.1
52 19 0.1
52 57 0.1
52 50 0.2
52 32 0.1
52 9 0.2
52 5 0.1
53 56 0.4
53 49 0.6
54 5 0.3
54 33 0.1
54 4 0.1
54 55 0.3
54 53 0.2
55 23 0.1
55 6 0.1
55 12 0.1
55 3 0.1
55 42 0.1
55 31 0.1
55 53 0.1
55 48 0.1
55 33 0.1
55 37 0.1
56 26 0.3
56 59 0.1
56 25 0.1
56 41 0.2
56 52 0.3
57 62 1.0
58 62 0.1
58 15 0.1
58 48 0.1
58 30 0.1
58 22 0.1
58 23 0.1
58 34 0.1
58 59 0.1
58 10 0.2
59 36 0.1
59 29 0.3
59 56 0.2
59 10 0.1
59 12 0.1
59 16 0.2
60 9 0.5
60 54 0.5
61 54 0.1
61 57 0.1
61 50 0.1
61 29 0.1
61 15 0.1
61 43 0.1
61 59 0.1
61 45 0.1
61 20 0.1
61 14 0.1
62 57 0.4
62 30 0.2
62 19 0.2
62 47 0.1
62 37 0.1
63 51 0.2
63 6 0.1
63 21 0.2
63 31 0.1
63 63 0.1
63 40 0.2
63 56 0.1

47 271 643
1 28 0.1
1 37 0.1
1 25 0.3
1 5 0.1
1 9 0.2
1 42 0.2
2 26 0.3
2 29 0.3
2 15 0.4
3 28 0.1
3 36 0.1
3 45 0.2
3 12 0.1
3 33 0.1
3 26 0.1
3 31 0.2
3 46 0.1
4 42 0.2
4 3 0.1
4 13 0.1
4 44 0.1
4 14 0.1
4 22 0.2
4 29 0.1
4 40 0.1
5 21 0.1
5 45 0.1
5 31 0.1
5 16 0.2
5 37 0.1
5 12 0.1
5 3 0.1
5 17 0.1
5 23 0.1
6 16 0.3
6 20 0.2
6 36 0.5
7 26 0.1
7 22 0.4
7 30 0.5
8 19 0.1
8 24 0.3
8 35 0.1
8 21 0.1
8 29 0.2
8 12 0.2
9 36 0.3
9 18 0.1
9 4 0.3
9 34 0.3
10 42 0.3
10 2 0.3
10 23 0.1
10 31 0.3
11 24 0.5
11 32 0.5
12 18 0.1
12 21 0.1
12 22 0.2
12 10 0.1
12 41 0.2
12 27 0.2
12 23 0.1
13 16 0.6
13 19 0.4
14 26 0.2
14 6 0.1
14 29 0.1
14 39 0.1
14 18 0.1
14 46 0.2
14 40 0.2
15 32 0.1
15 40 0.4
15 4 0.2
15 39 0.1
15 33 0.2
16 30 0.1
16 28 0.1
16 31 0.1
16 45 0.1
16 6 0.2
16 46 0.1
16 19 0.1
16 39 0.1
16 24 0.1
17 28 0.6
17 25 0.1
17 41 0.3
18 14 0.1
18 46 0.1
18 15 0.2
18 17 0.1
18 26 0.1
18 7 0.2
18 20 0.2
19 38 0.1
19 17 0.1
19 12 0.2
19 19 0.2
19 4 0.4
20 27 1.0
21 21 0.1
21 42 0.1
21 30 0.1
21 45 0.1
21 32 0.1
21 47 0.1
21 37 0.1
21 41 0.1
21 22 0.1
21 2 0.1
22 19 0.2
22 27 0.3
22 40 0.2
22 18 0.3
23 7 0.1
23 22 0.2
23 12 0.2
23 23 0.1
23 33 0.2
23 16 0.1
23 20 0.1
24 17 0.2
24 32 0.3
24 38 0.5
25 7 0.6
25 5 0.4
26 42 0.4
26 38 0.2
26 24 0.2
26 46 0.2
27 23 0.1
27 33 0.1
27 43 0.2
27 14 0.1
27 31 0.1
27 46 0.1
27 9 0.1
27 41 0.1
27 44 0.1
28 22 0.1
28 15 0.1
28 47 0.1
28 26 0.1
28 45 0.1
28 12 0.2
28 20 0.2
28 4 0.1
29 29 0.1
29 4 0.1
29 20 0.1
29 33 0.1
29 42 0.1
29 16 0.1
29 44 0.1
29 11 0.1
29 3 0.1
29 26 0.1
30 7 0.1
30 35 0.1
30 10 0.3
30 11 0.1
30 36 0.1
30 17 0.3
31 36 0.1
31 43 0.1
31 22 0.1
31 21 0.1
31 16 0.1
31 19 0.1
31 38 0.1
31 12 0.1
31 34 0.1
31 4 0.1
32 29 0.2
32 33 0.2
32 19 0.2
32 44 0.2
32 23 0.1
32 35 0.1
33 33 0.5
33 30 0.5
34 20 0.2
34 10 0.3
34 26 0.2
34 42 0.3
35 24 0.1
35 38 0.1
35 28 0.2
35 43 0.2
35 40 0.2
35 18 0.1
35 44 0.1
36 31 0.2
36 11 0.1
36 14 0.1
36 33 0.1
36 30 0.1
36 32 0.1
36 23 0.1
36 43 0.1
36 17 0.1
37 33 0.1
37 3 0.5
37 38 0.1
37 27 0.3
38 19 0.1
38 20 0.3
38 22 0.1
38 26 0.3
38 45 0.2
39 27 0.1
39 19 0.2
39 23 0.1
39 34 0.1
39 28 0.1
39 40 0.3
39 44 0.1
40 25 0.1
40 19 0.1
40 41 0.1
40 43 0.1
40 5 0.1
40 10 0.1
40 15 0.1
40 31 0.1
40 46 0.1
40 23 0.1
41 22 0.1
41 18 0.1
41 28 0.1
41 46 0.1
41 43 0.1
41 13 0.1
41 7 0.2
41 35 0.1
41 19 0.1
42 34 0.1
42 21 0.1
42 2 0.1
42 8 0.1
42 3 0.1
42 13 0.2
42 18 0.1
42 7 0.1
42 19 0.1
43 16 0.1
43 28 0.1
43 42 0.1
43 25 0.2
43 41 0.1
43 4 0.3
43 44 0.1
44 18 0.2
44 43 0.1
44 40 0.3
44 36 0.1
44 10 0.3
45 41 0.5
45 32 0.5
46 32 1.0
47 19 0.1
47 36 0.1
47 33 0.1
47 8 0.1
47 39 0.2
47 20 0.1
47 14 0.1
47 34 0.1
47 42 0.1

88 483 140
1 24 1.0
2 77 0.1
2 9 0.3
2 23 0.1
2 64 0.1
2 22 0.3
2 15 0.1
3 67 0.1
3 16 0.2
3 20 0.1
3 62 0.1
3 54 0.1
3 49 0.1
3 21 0.1
3 29 0.1
3 75 0.1
4 48 0.1
4 19 0.1
4 49 0.1
4 28 0.1
4 46 0.1
4 51 0.1
4 8 0.1
4 15 0.2
4 31 0.1
5 60 0.1
5 21 0.2
5 3 0.2
5 18 0.1
5 44 0.1
5 63 0.1
5 36 0.2
6 54 0.4
6 63 0.3
6 27 0.3
7 24 1.0
8 40 0.1
8 24 0.2
8 76 0.1
8 12 0.2
8 33 0.1
8 72 0.1
8 46 0.2
9 31 0.2
9 69 0.1
9 3 0.1
9 20 0.2
9 88 0.1
9 27 0.2
9 45 0.1
10 20 0.2
10 5 0.2
10 39 0.2
10 76 0.4
11 66 0.3
11 47 0.2
11 82 0.3
11 33 0.2
12 34 0.1
12 78 0.1
12 70 0.1
12 16 0.1
12 14 0.1
12 11 0.1
12 44 0.2
12 22 0.2
13 31 0.1
13 68 0.1
13 84 0.2
13 39 0.2
13 87 0.1
13 6 0.1
13 30 0.1
13 19 0.1
14 64 1.0
15 42 0.2
15 49 0.1
15 10 0.1
15 83 0.1
15 71 0.1
15 57 0.1
15 30 0.1
15 5 0.1
15 38 0.1
16 19 0.3
16 77 0.1
16 38 0.2
16 74 0.4
17 27 0.5
17 83 0.5
18 59 0.2
18 41 0.1
18 40 0.1
18 71 0.3
18 85 0.2
18 45 0.1
19 29 0.1
19 30 0.1
19 61 0.1
19 22 0.1
19 74 0.1
19 57 0.1
19 40 0.1
19 36 0.2
19 45 0.1
20 34 0.3
20 23 0.7
21 27 0.4
21 73 0.6
22 74 0.1
22 56 0.1
22 34 0.1
22 69 0.1
22 19 0.1
22 72 0.1
22 32 0.1
22 28 0.1
22 24 0.2
23 3 1.0
24 45 0.3
24 9 0.7
25 39 0.3
25 52 0.7
26 7 1.0
27 79 0.3
27 3 0.3
27 62 0.4
28 70 0.1
28 24 0.1
28 4 0.2
28 15 0.3
28 82 0.3
29 8 0.4
29 48 0.1
29 80 0.5
30 6 0.2
30 20 0.3
30 27 0.1
30 88 0.1
30 43 0.1
30 65 0.1
30 69 0.1
31 18 0.2
31 25 0.1
31 75 0.2
31 66 0.2
31 58 0.2
31 85 0.1
32 87 1.0
33 49 0.5
33 65 0.5
34 16 0.5
34 7 0.5
35 41 0.1
35 54 0.2
35 64 0.2
35 84 0.1
35 72 0.1
35 80 0.1
35 70 0.1
35 16 0.1
36 21 0.6
36 40 0.4
37 13 0.1
37 56 0.1
37 6 0.2
37 73 0.1
37 84 0.1
37 8 0.2
37 33 0.1
37 43 0.1
38 26 0.2
38 16 0.1
38 77 0.1
38 83 0.1
38 6 0.1
38 49 0.2
38 4 0.2
39 30 0.1
39 39 0.1
39 75 0.1
39 52 0.1
39 50 0.1
39 84 0.1
39 36 0.1
39 56 0.1
39 7 0.1
39 35 0.1
40 41 0.1
40 57 0.1
40 2 0.2
40 17 0.2
40 75 0.1
40 54 0.1
40 59 0.1
40 4 0.1
41 4 0.1
41 60 0.1
41 23 0.5
41 51 0.2
41 87 0.1
42 41 1.0
43 46 0.1
43 72 0.2
43 42 0.1
43 48 0.1
43 84 0.1
43 10 0.1
43 44 0.2
43 8 0.1
44 44 0.1
44 76 0.1
44 37 0.2
44 43 0.1
44 82 0.1
44 70 0.1
44 16 0.1
44 41 0.1
44 74 0.1
45 33 0.1
45 84 0.2
45 9 0.1
45 74 0.1
45 11 0.1
45 52 0.1
45 55 0.1
45 49 0.1
45 46 0.1
46 52 0.1
46 54 0.1
46 74 0.1
46 78 0.1
46 87 0.1
46 33 0.1
46 76 0.2
46 64 0.2
47 42 0.1
47 17 0.1
47 33 0.1
47 27 0.1
47 12 0.1
47 14 0.1
47 61 0.2
47 85 0.1
47 84 0.1
48 48 0.2
48 45 0.2
48 26 0.1
48 84 0.1
48 3 0.1
48 18 0.2
48 65 0.1
49 66 0.4
49 23 0.1
49 79 0.2
49 26 0.3
50 73 0.1
50 63 0.1
50 58 0.1
50 47 0.1
50 55 0.1
50 24 0.1
50 81 0.1
50 82 0.1
50 32 0.2
51 62 1.0
52 24 0.1
52 21 0.1
52 35 0.1
52 22 0.1
52 55 0.1
52 10 0.1
52 66 0.1
52 25 0.1
52 34 0.1
52 88 0.1
53 21 0.1
53 43 0.1
53 31 0.1
53 7 0.1
53 18 0.1
53 84 0.1
53 12 0.2
53 51 0.1
53 44 0.1
54 4 0.4
54 35 0.2
54 83 0.2
54 80 0.2
55 16 0.3
55 24 0.1
55 6 0.3
55 23 0.2
55 68 0.1
56 88 0.1
56 13 0.1
56 26 0.1
56 54 0.1
56 68 0.2
56 56 0.1
56 49 0.1
56 85 0.2
57 80 0.1
57 54 0.1
57 23 0.1
57 39 0.1
57 86 0.1
57 75 0.1
57 69 0.1
57 70 0.1
57 16 0.2
58 69 0.4
58 5 0.6
59 40 1.0
60 15 0.4
60 17 0.3
60 20 0.3
61 20 0.1
61 17 0.2
61 81 0.1
61 49 0.1
61 76 0.1
61 43 0.1
61 3 0.1
61 78 0.1
61 68 0.1
62 31 0.1
62 38 0.3
62 19 0.2
62 61 0.4
63 7 0.3
63 84 0.3
63 44 0.4
64 47 0.1
64 54 0.2
64 64 0.1
64 68 0.1
64 43 0.2
64 2 0.1
64 58 0.1
64 78 0.1
65 36 0.1
65 50 0.1
65 11 0.1
65 28 0.1
65 87 0.1
65 88 0.1
65 69 0.1
65 42 0.1
65 33 0.1
65 38 0.1
66 75 0.3
66 6 0.2
66 43 0.2
66 79 0.3
67 38 0.2
67 16 0.1
67 42 0.3
67 61 0.4
68 34 1.0
69 57 0.2
69 3 0.1
69 46 0.1
69 41 0.2
69 55 0.4
70 75 0.1
70 56 0.1
70 18 0.1
70 76 0.1
70 32 0.1
70 84 0.1
70 21 0.2
70 82 0.2
71 21 0.1
71 69 0.1
71 5 0.1
71 72 0.1
71 25 0.1
71 79 0.1
71 48 0.1
71 58 0.1
71 44 0.1
71 71 0.1
72 87 0.1
72 36 0.1
72 85 0.1
72 24 0.1
72 57 0.1
72 37 0.1
72 84 0.1
72 27 0.1
72 10 0.1
72 30 0.1
73 45 1.0
74 75 0.4
74 57 0.1
74 34 0.2
74 17 0.1
74 87 0.1
74 65 0.1
75 48 0.1
75 2 0.1
75 39 0.2
75 61 0.2
75 8 0.2
75 32 0.2
76 80 0.2
76 86 0.1
76 83 0.2
76 85 0.2
76 16 0.3
77 43 0.2
77 34 0.3
77 39 0.5
78 75 0.2
78 56 0.2
78 62 0.2
78 6 0.3
78 22 0.1
79 74 0.2
79 65 0.2
79 54 0.3
79 22 0.1
79 33 0.2
80 36 0.2
80 62 0.1
80 63 0.1
80 24 0.1
80 60 0.1
80 16 0.1
80 70 0.1
80 2 0.1
80 25 0.1
81 74 0.1
81 12 0.1
81 23 0.1
81 43 0.1
81 64 0.1
81 9 0.1
81 8 0.1
81 72 0.1
81 53 0.2
82 5 0.2
82 19 0.1
82 7 0.1
82 75 0.2
82 73 0.3
82 55 0.1
83 21 0.4
83 49 0.3
83 67 0.3
84 36 0.1
84 62 0.1
84 31 0.1
84 2 0.1
84 4 0.1
84 56 0.1
84 5 0.1
84 28 0.1
84 87 0.1
84 75 0.1
85 13 0.3
85 9 0.2
85 52 0.1
85 44 0.1
85 77 0.2
85 67 0.1
86 4 0.3
86 69 0.3
86 27 0.4
87 88 0.1
87 64 0.1
87 19 0.3
87 8 0.1
87 46 0.1
87 82 0.2
87 68 0.1
88 24 0.2
88 44 0.2
88 39 0.2
88 46 0.1
88 77 0.1
88 52 0.2

31 151 884
1 8 1.0
2 6 1.0
3 27 0.3
3 7 0.1
3 12 0.3
3 2 0.3
4 22 0.2
4 3 0.5
4 19 0.2
4 11 0.1
5 30 0.1
5 3 0.2
5 27 0.2
5 23 0.2
5 6 0.1
5 13 0.2
6 8 0.1
6 4 0.1
6 19 0.1
6 27 0.1
6 9 0.1
6 18 0.1
6 28 0.1
6 17 0.2
6 16 0.1
7 6 0.2
7 9 0.1
7 15 0.2
7 20 0.2
7 21 0.2
7 30 0.1
8 7 0.3
8 27 0.2
8 12 0.2
8 14 0.3
9 13 0.1
9 28 0.3
9 2 0.1
9 12 0.1
9 20 0.2
9 30 0.2
10 26 0.1
10 17 0.1
10 3 0.2
10 11 0.2
10 22 0.2
10 31 0.2
11 23 1.0
12 25 0.3
12 7 0.1
12 3 0.1
12 12 0.1
12 4 0.2
12 18 0.2
13 6 0.1
13 22 0.1
13 18 0.1
13 11 0.1
13 10 0.1
13 28 0.1
13 5 0.1
13 20 0.1
13 29 0.1
13 9 0.1
14 3 0.1
14 21 0.2
14 18 0.1
14 30 0.1
14 23 0.2
14 24 0.1
14 28 0.1
14 4 0.1
15 7 0.2
15 5 0.3
15 20 0.2
15 27 0.3
16 26 0.1
16 3 0.1
16 27 0.1
16 7 0.1
16 4 0.1
16 20 0.1
16 30 0.1
16 23 0.1
16 22 0.1
16 8 0.1
17 2 0.1
17 26 0.2
17 19 0.3
17 7 0.2
17 10 0.2
18 21 0.1
18 15 0.1
18 25 0.3
18 12 0.3
18 4 0.1
18 30 0.1
19 29 1.0
20 18 0.2
20 17 0.1
20 9 0.5
20 16 0.2
21 19 0.4
21 23 0.2
21 16 0.4
22 26 0.3
22 4 0.2
22 31 0.1
22 7 0.3
22 5 0.1
23 10 0.2
23 17 0.1
23 23 0.7
24 14 0.1
24 24 0.1
24 28 0.1
24 6 0.1
24 10 0.1
24 31 0.1
24 3 0.1
24 25 0.1
24 29 0.1
24 21 0.1
25 31 0.2
25 25 0.4
25 30 0.4
26 30 0.3
26 13 0.1
26 11 0.2
26 9 0.4
27 30 0.6
27 26 0.4
28 4 0.1
28 31 0.1
28 29 0.1
28 12 0.2
28 3 0.1
28 18 0.2
28 8 0.2
29 31 0.1
29 23 0.1
29 7 0.1
29 20 0.1
29 3 0.1
29 16 0.1
29 22 0.2
29 2 0.1
29 25 0.1
30 11 0.5
30 29 0.5
31 3 1.0

79 406 750
1 27 1.0
2 23 0.3
2 67 0.2
2 32 0.2
2 12 0.1
2 24 0.2
3 36 1.0
4 4 0.2
4 15 0.2
4 12 0.2
4 70 0.1
4 17 0.1
4 9 0.1
4 76 0.1
5 35 0.1
5 44 0.1
5 41 0.2
5 32 0.1
5 34 0.1
5 22 0.1
5 23 0.1
5 51 0.1
5 63 0.1
6 45 0.1
6 74 0.1
6 66 0.1
6 48 0.1
6 7 0.3
6 56 0.1
6 18 0.1
6 63 0.1
7 29 0.2
7 69 0.2
7 45 0.1
7 55 0.2
7 79 0.1
7 71 0.2
8 52 0.1
8 49 0.2
8 79 0.1
8 6 0.1
8 30 0.1
8 39 0.1
8 67 0.1
8 15 0.1
8 22 0.1
9 17 0.1
9 67 0.5
9 75 0.2
9 10 0.2
10 76 0.8
10 37 0.2
11 69 0.5
11 33 0.5
12 55 0.3
12 58 0.3
12 13 0.4
13 43 0.1
13 68 0.1
13 9 0.1
13 4 0.1
13 71 0.1
13 60 0.1
13 39 0.1
13 6 0.1
13 51 0.1
13 48 0.1
14 40 1.0
15 62 0.3
15 24 0.4
15 65 0.1
15 53 0.2
16 70 0.7
16 63 0.3
17 23 0.1
17 43 0.1
17 29 0.1
17 58 0.1
17 64 0.1
17 34 0.1
17 26 0.1
17 74 0.2
17 56 0.1
18 54 0.1
18 40 0.1
18 58 0.1
18 8 0.1
18 6 0.2
18 15 0.2
18 62 0.1
18 26 0.1
19 3 0.4
19 72 0.2
19 38 0.2
19 56 0.2
20 49 0.2
20 26 0.2
20 44 0.1
20 37 0.2
20 6 0.1
20 70 0.2
21 70 0.1
21 76 0.1
21 46 0.1
21 53 0.1
21 20 0.2
21 37 0.1
21 41 0.1
21 75 0.1
21 13 0.1
22 10 0.5
22 58 0.5
23 21 0.4
23 51 0.6
24 18 0.1
24 14 0.3
24 24 0.2
24 77 0.4
25 24 0.1
25 26 0.1
25 42 0.1
25 67 0.1
25 32 0.1
25 62 0.1
25 2 0.1
25 16 0.1
25 73 0.1
25 20 0.1
26 56 0.1
26 71 0.2
26 75 0.2
26 2 0.1
26 45 0.1
26 30 0.3
27 40 0.2
27 72 0.1
27 38 0.1
27 74 0.1
27 60 0.1
27 54 0.2
27 28 0.2
28 17 0.4
28 41 0.1
28 61 0.5
29 19 0.1
29 39 0.1
29 37 0.1
29 15 0.1
29 70 0.1
29 8 0.1
29 33 0.2
29 22 0.1
29 21 0.1
30 74 0.1
30 66 0.4
30 54 0.5
31 76 0.1
31 24 0.1
31 75 0.1
31 43 0.1
31 2 0.1
31 41 0.2
31 14 0.1
31 45 0.1
31 64 0.1
32 61 0.1
32 72 0.2
32 51 0.2
32 68 0.1
32 5 0.2
32 42 0.2
33 13 1.0
34 58 1.0
35 46 0.3
35 64 0.2
35 8 0.2
35 26 0.3
36 50 0.3
36 41 0.4
36 78 0.3
37 23 0.1
37 52 0.2
37 38 0.1
37 13 0.1
37 31 0.1
37 58 0.1
37 79 0.1
37 64 0.1
37 67 0.1
38 57 0.3
38 76 0.1
38 66 0.1
38 34 0.2
38 15 0.1
38 45 0.2
39 5 0.1
39 22 0.4
39 59 0.2
39 34 0.3
40 73 0.1
40 71 0.1
40 23 0.2
40 7 0.3
40 76 0.3
41 61 0.1
41 76 0.1
41 39 0.1
41 69 0.2
41 58 0.1
41 10 0.1
41 25 0.1
41 38 0.1
41 7 0.1
42 9 0.2
42 26 0.4
42 7 0.3
42 55 0.1
43 55 0.3
43 40 0.1
43 57 0.1
43 75 0.1
43 72 0.2
43 25 0.2
44 23 0.1
44 44 0.1
44 70 0.1
44 54 0.1
44 75 0.2
44 13 0.1
44 49 0.1
44 26 0.2
45 69 0.1
45 62 0.2
45 59 0.1
45 26 0.2
45 54 0.2
45 25 0.1
45 64 0.1
46 4 0.2
46 79 0.1
46 56 0.1
46 45 0.2
46 18 0.2
46 59 0.2
47 64 0.1
47 56 0.1
47 3 0.1
47 36 0.2
47 17 0.1
47 32 0.4
48 45 0.2
48 75 0.5
48 23 0.3
49 4 0.2
49 13 0.3
49 6 0.3
49 25 0.2
50 33 0.1
50 50 0.1
50 76 0.1
50 65 0.2
50 52 0.1
50 28 0.1
50 45 0.2
50 27 0.1
51 69 1.0
52 3 0.6
52 66 0.4
53 62 0.1
53 17 0.1
53 12 0.1
53 27 0.1
53 78 0.1
53 7 0.1
53 44 0.1
53 50 0.1
53 28 0.1
53 36 0.1
54 33 1.0
55 60 0.2
55 57 0.6
55 76 0.2
56 77 0.1
56 49 0.3
56 19 0.1
56 59 0.2
56 28 0.1
56 36 0.2
57 13 0.3
57 46 0.2
57 62 0.5
58 29 0.1
58 79 0.1
58 78 0.3
58 61 0.1
58 50 0.1
58 54 0.1
58 6 0.1
58 70 0.1
59 30 0.2
59 2 0.1
59 14 0.1
59 59 0.2
59 32 0.1
59 6 0.1
59 71 0.1
59 15 0.1
60 21 0.2
60 5 0.2
60 69 0.1
60 50 0.1
60 32 0.1
60 16 0.2
60 22 0.1
61 79 0.1
61 38 0.1
61 78 0.2
61 52 0.2
61 32 0.1
61 29 0.2
61 42 0.1
62 54 0.3
62 16 0.6
62 43 0.1
63 17 1.0
64 38 0.3
64 58 0.2
64 15 0.2
64 44 0.3
65 12 0.1
65 64 0.1
65 5 0.1
65 8 0.1
65 18 0.1
65 56 0.1
65 28 0.1
65 71 0.1
65 10 0.1
65 60 0.1
66 42 0.5
66 58 0.5
67 24 0.1
67 14 0.2
67 3 0.1
67 13 0.3
67 41 0.3
68 35 0.3
68 74 0.5
68 25 0.2
69 66 0.1
69 19 0.1
69 73 0.1
69 76 0.1
69 21 0.1
69 79 0.1
69 64 0.1
69 74 0.1
69 77 0.1
69 8 0.1
70 68 0.6
70 8 0.2
70 31 0.2
71 53 0.4
71 76 0.6
72 59 0.1
72 63 0.1
72 29 0.1
72 4 0.1
72 78 0.1
72 64 0.1
72 37 0.1
72 30 0.1
72 38 0.1
72 15 0.1
73 37 0.2
73 23 0.5
73 63 0.3
74 37 0.3
74 18 0.3
74 48 0.4
75 27 0.1
75 18 0.3
75 76 0.4
75 24 0.2
76 25 0.1
76 15 0.1
76 73 0.1
76 67 0.1
76 24 0.1
76 34 0.1
76 75 0.2
76 19 0.1
76 66 0.1
77 55 1.0
78 29 0.2
78 42 0.2
78 50 0.4
78 48 0.2
79 30 0.1
79 62 0.1
79 44 0.1
79 59 0.2
79 78 0.2
79 8 0.1
79 75 0.1
79 12 0.1

62 388 81
1 58 0.1
1 5 0.1
1 51 0.1
1 61 0.1
1 22 0.1
1 48 0.1
1 55 0.1
1 10 0.1
1 3 0.1
1 32 0.1
2 31 0.2
2 49 0.1
2 50 0.2
2 37 0.1
2 26 0.2
2 28 0.1
2 45 0.1
3 11 0.3
3 60 0.3
3 53 0.4
4 6 0.1
4 2 0.2
4 34 0.1
4 32 0.1
4 33 0.2
4 16 0.1
4 26 0.1
4 49 0.1
5 8 0.1
5 33 0.1
5 51 0.1
5 11 0.2
5 7 0.1
5 5 0.1
5 2 0.1
5 37 0.1
5 32 0.1
6 39 0.1
6 15 0.1
6 4 0.1
6 18 0.1
6 49 0.1
6 32 0.1
6 8 0.1
6 10 0.1
6 28 0.1
6 24 0.1
7 59 0.1
7 52 0.3
7 11 0.2
7 48 0.3
7 45 0.1
8 43 0.1
8 61 0.1
8 35 0.3
8 59 0.1
8 33 0.2
8 25 0.1
8 34 0.1
9 22 0.4
9 24 0.1
9 54 0.3
9 28 0.2
10 35 0.5
10 21 0.4
10 31 0.1
11 24 0.1
11 18 0.1
11 42 0.2
11 12 0.5
11 31 0.1
12 45 0.1
12 38 0.1
12 7 0.1
12 27 0.1
12 53 0.2
12 4 0.1
12 30 0.1
12 62 0.1
12 3 0.1
13 49 0.1
13 20 0.1
13 39 0.2
13 43 0.1
13 28 0.1
13 22 0.1
13 17 0.1
13 23 0.2
14 33 0.2
14 13 0.1
14 55 0.1
14 62 0.2
14 16 0.1
14 5 0.1
14 23 0.2
15 46 0.2
15 32 0.1
15 54 0.1
15 2 0.1
15 23 0.2
15 48 0.2
15 55 0.1
16 56 0.1
16 61 0.2
16 6 0.1
16 51 0.2
16 54 0.1
16 48 0.2
16 14 0.1
17 16 0.3
17 29 0.1
17 24 0.1
17 58 0.1
17 41 0.3
17 50 0.1
18 36 0.5
18 7 0.2
18 61 0.3
19 39 1.0
20 9 0.1
20 54 0.2
20 39 0.2
20 58 0.4
20 44 0.1
21 24 0.1
21 5 0.1
21 35 0.1
21 45 0.1
21 40 0.1
21 61 0.1
21 42 0.1
21 8 0.1
21 30 0.1
21 17 0.1
22 24 0.2
22 51 0.1
22 27 0.1
22 3 0.1
22 22 0.1
22 44 0.1
22 23 0.1
22 39 0.1
22 16 0.1
23 40 0.2
23 19 0.5
23 25 0.3
24 17 0.1
24 58 0.2
24 23 0.1
24 10 0.2
24 62 0.1
24 39 0.3
25 51 0.1
25 13 0.3
25 45 0.2
25 34 0.4
26 7 0.1
26 18 0.2
26 38 0.1
26 51 0.1
26 16 0.1
26 54 0.1
26 40 0.1
26 49 0.1
26 32 0.1
27 13 0.2
27 28 0.8
28 30 0.1
28 44 0.1
28 41 0.1
28 43 0.1
28 58 0.2
28 23 0.1
28 15 0.2
28 39 0.1
29 22 0.1
29 19 0.2
29 29 0.2
29 9 0.2
29 15 0.2
29 46 0.1
30 27 1.0
31 18 0.1
31 5 0.3
31 44 0.1
31 56 0.2
31 32 0.1
31 2 0.1
31 40 0.1
32 29 0.3
32 53 0.3
32 24 0.4
33 26 0.2
33 16 0.1
33 43 0.2
33 47 0.3
33 44 0.2
34 53 0.1
34 31 0.1
34 17 0.1
34 27 0.2
34 49 0.4
34 33 0.1
35 44 0.1
35 9 0.1
35 18 0.2
35 13 0.1
35 25 0.5
36 49 0.1
36 52 0.1
36 45 0.1
36 13 0.1
36 46 0.1
36 18 0.1
36 48 0.1
36 27 0.1
36 15 0.1
36 61 0.1
37 34 0.3
37 32 0.5
37 60 0.2
38 16 0.6
38 62 0.4
39 24 0.5
39 10 0.2
39 30 0.3
40 6 0.1
40 19 0.1
40 55 0.1
40 60 0.2
40 17 0.1
40 47 0.1
40 52 0.2
40 2 0.1
41 2 0.1
41 31 0.1
41 20 0.3
41 13 0.1
41 46 0.2
41 8 0.1
41 17 0.1
42 56 0.2
42 23 0.1
42 52 0.2
42 22 0.1
42 7 0.2
42 25 0.2
43 17 0.1
43 32 0.1
43 40 0.1
43 46 0.1
43 57 0.1
43 43 0.1
43 56 0.1
43 52 0.1
43 45 0.1
43 30 0.1
44 50 0.1
44 16 0.1
44 57 0.1
44 32 0.1
44 14 0.1
44 7 0.1
44 22 0.1
44 26 0.1
44 43 0.1
44 13 0.1
45 36 0.1
45 60 0.1
45 43 0.1
45 49 0.1
45 40 0.1
45 25 0.1
45 29 0.1
45 11 0.1
45 10 0.1
45 22 0.1
46 36 0.4
46 6 0.3
46 41 0.2
46 53 0.1
47 23 0.1
47 29 0.1
47 8 0.1
47 56 0.1
47 51 0.1
47 25 0.1
47 54 0.1
47 35 0.1
47 13 0.1
47 41 0.1
48 20 0.1
48 9 0.1
48 13 0.1
48 38 0.2
48 45 0.3
48 39 0.2
49 36 0.2
49 49 0.1
49 62 0.1
49 4 0.1
49 55 0.2
49 41 0.1
49 9 0.2
50 44 0.5
50 45 0.3
50 58 0.2
51 62 0.1
51 19 0.1
51 12 0.1
51 38 0.1
51 28 0.1
51 24 0.1
51 22 0.1
51 61 0.2
51 48 0.1
52 33 0.1
52 57 0.1
52 52 0.2
52 27 0.1
52 22 0.1
52 11 0.2
52 53 0.1
52 40 0.1
53 13 0.1
53 23 0.1
53 53 0.1
53 10 0.1
53 22 0.1
53 24 0.1
53 18 0.1
53 58 0.1
53 26 0.1
53 48 0.1
54 31 0.1
54 50 0.1
54 17 0.1
54 43 0.1
54 2 0.1
54 55 0.1
54 39 0.1
54 32 0.1
54 14 0.1
54 23 0.1
55 44 0.5
55 42 0.5
56 6 0.4
56 46 0.1
56 37 0.1
56 27 0.3
56 8 0.1
57 30 0.2
57 41 0.3
57 23 0.4
57 60 0.1
58 31 0.1
58 60 0.1
58 59 0.1
58 39 0.2
58 25 0.1
58 3 0.1
58 15 0.2
58 47 0.1
59 33 0.3
59 25 0.2
59 4 0.5
60 29 0.1
60 49 0.2
60 54 0.4
60 20 0.3
61 11 0.1
61 50 0.1
61 47 0.1
61 30 0.1
61 51 0.1
61 29 0.1
61 58 0.1
61 59 0.1
61 18 0.1
61 45 0.1
62 46 0.1
62 36 0.1
62 24 0.1
62 47 0.1
62 5 0.1
62 41 0.2
62 54 0.2
62 26 0.1

9 42 45
1 7 0.3
1 9 0.4
1 2 0.1
1 3 0.1
1 5 0.1
2 9 0.1
2 6 0.2
2 2 0.4
2 5 0.1
2 4 0.2
3 9 1.0
4 8 0.1
4 6 0.2
4 2 0.1
4 3 0.2
4 5 0.2
4 7 0.2
5 6 0.1
5 5 0.1
5 3 0.1
5 7 0.1
5 9 0.2
5 8 0.2
5 2 0.2
6 8 0.2
6 6 0.4
6 7 0.4
7 8 0.3
7 3 0.1
7 2 0.4
7 7 0.1
7 5 0.1
8 8 0.3
8 7 0.1
8 3 0.2
8 2 0.1
8 9 0.1
8 6 0.1
8 5 0.1
9 8 0.4
9 5 0.3
9 9 0.3

23 148 914
1 22 0.1
1 6 0.1
1 14 0.1
1 10 0.1
1 15 0.1
1 5 0.1
1 18 0.1
1 3 0.1
1 16 0.1
1 11 0.1
2 11 0.1
2 18 0.1
2 23 0.1
2 22 0.2
2 3 0.2
2 4 0.2
2 17 0.1
3 15 0.2
3 3 0.2
3 18 0.2
3 21 0.1
3 6 0.2
3 4 0.1
4 19 0.7
4 23 0.3
5 12 0.2
5 14 0.2
5 3 0.1
5 9 0.1
5 6 0.1
5 21 0.2
5 17 0.1
6 15 0.1
6 13 0.4
6 11 0.1
6 22 0.1
6 2 0.2
6 12 0.1
7 12 0.1
7 17 0.1
7 8 0.1
7 22 0.1
7 23 0.2
7 6 0.2
7 4 0.1
7 18 0.1
8 14 0.1
8 6 0.1
8 10 0.1
8 7 0.1
8 15 0.1
8 9 0.1
8 11 0.1
8 4 0.1
8 21 0.1
8 13 0.1
9 23 0.1
9 19 0.1
9 15 0.1
9 16 0.1
9 22 0.1
9 4 0.1
9 21 0.2
9 9 0.1
9 11 0.1
10 13 0.1
10 15 0.1
10 9 0.1
10 3 0.1
10 7 0.1
10 10 0.1
10 19 0.2
10 4 0.1
10 11 0.1
11 2 0.1
11 7 0.2
11 8 0.1
11 3 0.2
11 13 0.2
11 21 0.1
11 12 0.1
12 22 0.1
12 10 0.2
12 4 0.1
12 15 0.1
12 17 0.1
12 8 0.2
12 14 0.1
12 13 0.1
13 12 0.3
13 20 0.1
13 23 0.3
13 14 0.2
13 5 0.1
14 2 0.1
14 7 0.1
14 22 0.1
14 17 0.1
14 11 0.1
14 14 0.1
14 4 0.1
14 21 0.1
14 18 0.1
14 15 0.1
15 21 1.0
16 5 0.2
16 16 0.1
16 12 0.1
16 6 0.1
16 11 0.1
16 9 0.1
16 22 0.2
16 17 0.1
17 4 0.1
17 22 0.1
17 3 0.1
17 12 0.1
17 10 0.1
17 6 0.1
17 16 0.1
17 20 0.1
17 7 0.1
17 15 0.1
18 8 0.2
18 22 0.1
18 13 0.3
18 10 0.1
18 5 0.3
19 7 0.1
19 19 0.2
19 13 0.1
19 14 0.1
19 10 0.1
19 22 0.2
19 18 0.1
19 21 0.1
20 16 0.3
20 3 0.3
20 11 0.2
20 13 0.2
21 19 0.5
21 9 0.3
21 16 0.2
22 3 1.0
23 19 0.2
23 2 0.2
23 13 0.4
23 22 0.2

35 180 264
1 2 0.1
1 34 0.1
1 27 0.1
1 18 0.1
1 22 0.2
1 9 0.2
1 19 0.1
1 26 0.1
2 3 0.2
2 16 0.2
2 26 0.4
2 34 0.2
3 17 0.4
3 35 0.6
4 28 0.2
4 6 0.1
4 2 0.1
4 14 0.1
4 3 0.1
4 18 0.1
4 29 0.1
4 12 0.1
4 22 0.1
5 23 0.1
5 25 0.1
5 3 0.1
5 35 0.1
5 30 0.1
5 21 0.2
5 18 0.1
5 14 0.1
5 7 0.1
6 13 0.3
6 19 0.3
6 25 0.3
6 21 0.1
7 30 0.4
7 15 0.6
8 19 0.5
8 15 0.5
9 20 0.3
9 13 0.2
9 5 0.1
9 16 0.4
10 32 0.2
10 26 0.1
10 30 0.2
10 10 0.1
10 25 0.1
10 4 0.2
10 34 0.1
11 4 0.2
11 15 0.3
11 30 0.4
11 5 0.1
12 9 0.2
12 16 0.1
12 30 0.2
12 28 0.1
12 23 0.1
12 6 0.1
12 17 0.2
13 22 1.0
14 12 0.2
14 33 0.5
14 20 0.3
15 18 0.2
15 17 0.4
15 23 0.4
16 2 0.1
16 30 0.1
16 28 0.1
16 22 0.1
16 6 0.1
16 18 0.1
16 7 0.4
17 24 0.6
17 2 0.1
17 11 0.3
18 25 0.1
18 10 0.1
18 6 0.2
18 19 0.2
18 26 0.1
18 8 0.1
18 15 0.2
19 27 0.1
19 9 0.1
19 8 0.1
19 5 0.2
19 3 0.2
19 34 0.1
19 13 0.1
19 25 0.1
20 28 0.3
20 19 0.2
20 11 0.1
20 12 0.2
20 32 0.1
20 7 0.1
21 27 0.1
21 11 0.2
21 17 0.1
21 34 0.5
21 30 0.1
22 17 0.2
22 8 0.2
22 19 0.2
22 31 0.1
22 29 0.1
22 3 0.1
22 7 0.1
23 18 0.2
23 26 0.1
23 17 0.2
23 10 0.2
23 20 0.1
23 21 0.2
24 32 0.1
24 16 0.1
24 31 0.2
24 2 0.1
24 23 0.1
24 5 0.1
24 6 0.1
24 35 0.1
24 9 0.1
25 8 0.5
25 29 0.5
26 6 0.6
26 22 0.4
27 24 0.2
27 5 0.5
27 33 0.1
27 3 0.1
27 25 0.1
28 32 0.1
28 20 0.1
28 9 0.1
28 30 0.1
28 33 0.1
28 12 0.1
28 35 0.1
28 15 0.1
28 22 0.1
28 3 0.1
29 15 0.2
29 23 0.1
29 10 0.2
29 31 0.3
29 35 0.2
30 21 0.1
30 4 0.1
30 30 0.1
30 9 0.1
30 20 0.2
30 24 0.1
30 33 0.1
30 27 0.1
30 34 0.1
31 19 1.0
32 7 0.5
32 2 0.2
32 14 0.3
33 18 0.1
33 5 0.2
33 23 0.2
33 7 0.1
33 3 0.1
33 6 0.3
34 8 0.2
34 28 0.3
34 6 0.2
34 26 0.2
34 19 0.1
35 14 0.1
35 10 0.4
35 3 0.1
35 22 0.2
35 20 0.2

79 436 994
1 36 0.1
1 38 0.2
1 23 0.1
1 30 0.1
1 28 0.2
1 51 0.2
1 72 0.1
2 40 0.1
2 16 0.1
2 63 0.2
2 23 0.1
2 46 0.1
2 27 0.1
2 41 0.2
2 52 0.1
3 50 0.2
3 53 0.1
3 74 0.3
3 16 0.2
3 19 0.1
3 25 0.1
4 59 0.4
4 22 0.3
4 69 0.1
4 40 0.2
5 44 0.2
5 28 0.1
5 55 0.1
5 71 0.1
5 19 0.1
5 64 0.1
5 36 0.2
5 38 0.1
6 18 0.4
6 59 0.3
6 42 0.3
7 32 0.2
7 73 0.1
7 47 0.1
7 57 0.2
7 71 0.1
7 6 0.1
7 42 0.1
7 33 0.1
8 50 0.2
8 36 0.2
8 3 0.1
8 76 0.1
8 21 0.2
8 48 0.2
9 77 0.1
9 63 0.1
9 56 0.1
9 34 0.1
9 79 0.2
9 58 0.1
9 26 0.1
9 55 0.1
9 16 0.1
10 36 0.1
10 23 0.1
10 37 0.1
10 49 0.1
10 79 0.1
10 24 0.1
10 40 0.1
10 4 0.1
10 69 0.1
10 19 0.1
11 33 0.1
11 11 0.2
11 37 0.2
11 62 0.4
11 75 0.1
12 46 0.2
12 58 0.1
12 10 0.1
12 43 0.1
12 60 0.1
12 12 0.1
12 44 0.1
12 14 0.1
12 72 0.1
13 64 1.0
14 12 0.2
14 25 0.1
14 11 0.2
14 65 0.2
14 21 0.3
15 41 0.4
15 51 0.2
15 3 0.4
16 69 0.7
16 72 0.3
17 60 0.1
17 20 0.1
17 73 0.2
17 30 0.1
17 5 0.4
17 67 0.1
18 20 0.1
18 36 0.4
18 5 0.2
18 38 0.3
19 79 0.1
19 55 0.1
19 10 0.1
19 51 0.1
19 25 0.1
19 44 0.1
19 60 0.1
19 15 0.1
19 37 0.1
19 40 0.1
20 21 0.6
20 67 0.4
21 64 0.2
21 44 0.3
21 74 0.1
21 70 0.2
21 23 0.2
22 36 0.1
22 26 0.3
22 70 0.3
22 9 0.3
23 69 0.2
23 42 0.2
23 38 0.1
23 48 0.1
23 65 0.1
23 29 0.2
23 71 0.1
24 40 0.1
24 62 0.1
24 9 0.1
24 57 0.1
24 12 0.1
24 38 0.1
24 36 0.1
24 34 0.1
24 73 0.1
24 10 0.1
25 22 0.1
25 30 0.1
25 3 0.2
25 34 0.1
25 39 0.1
25 28 0.1
25 76 0.2
25 61 0.1
26 44 0.3
26 67 0.1
26 17 0.1
26 47 0.3
26 53 0.2
27 50 0.1
27 67 0.2
27 47 0.1
27 9 0.2
27 18 0.1
27 74 0.1
27 5 0.2
28 32 0.3
28 43 0.2
28 2 0.2
28 19 0.2
28 62 0.1
29 12 0.6
29 4 0.4
30 69 0.1
30 79 0.1
30 71 0.2
30 55 0.1
30 63 0.1
30 15 0.1
30 74 0.2
30 36 0.1
31 67 0.1
31 76 0.1
31 30 0.1
31 12 0.3
31 78 0.3
31 40 0.1
32 6 0.3
32 46 0.3
32 44 0.1
32 30 0.3
33 2 0.1
33 27 0.1
33 37 0.2
33 54 0.1
33 53 0.4
33 39 0.1
34 21 0.3
34 70 0.1
34 2 0.2
34 27 0.3
34 54 0.1
35 66 0.1
35 28 0.1
35 23 0.1
35 31 0.2
35 57 0.1
35 43 0.1
35 65 0.1
35 55 0.1
35 12 0.1
36 44 0.1
36 19 0.1
36 51 0.1
36 74 0.1
36 75 0.1
36 28 0.1
36 23 0.1
36 64 0.1
36 32 0.1
36 53 0.1
37 54 0.1
37 58 0.1
37 49 0.1
37 45 0.1
37 68 0.1
37 64 0.1
37 61 0.2
37 23 0.1
37 70 0.1
38 47 0.1
38 25 0.1
38 41 0.1
38 66 0.1
38 7 0.1
38 18 0.2
38 59 0.1
38 45 0.1
38 54 0.1
39 12 0.1
39 2 0.1
39 45 0.1
39 56 0.1
39 62 0.1
39 70 0.1
39 3 0.1
39 53 0.1
39 69 0.1
39 59 0.1
40 74 0.2
40 15 0.1
40 28 0.3
40 51 0.2
40 73 0.1
40 58 0.1
41 13 0.1
41 67 0.1
41 66 0.1
41 73 0.1
41 51 0.1
41 53 0.1
41 39 0.2
41 31 0.1
41 74 0.1
42 65 0.5
42 48 0.2
42 35 0.3
43 48 0.1
43 15 0.2
43 25 0.1
43 18 0.1
43 73 0.1
43 7 0.1
43 46 0.1
43 45 0.1
43 58 0.1
44 52 0.1
44 79 0.1
44 27 0.1
44 65 0.1
44 73 0.1
44 72 0.1
44 41 0.1
44 29 0.1
44 63 0.1
44 39 0.1
45 12 0.4
45 40 0.3
45 32 0.3
46 12 0.3
46 16 0.7
47 72 0.1
47 73 0.1
47 35 0.2
47 39 0.2
47 7 0.2
47 77 0.2
48 3 0.1
48 16 0.3
48 17 0.4
48 12 0.2
49 48 0.1
49 78 0.2
49 73 0.2
49 67 0.1
49 46 0.1
49 74 0.1
49 52 0.2
50 29 1.0
51 21 0.3
51 19 0.5
51 47 0.2
52 70 0.2
52 63 0.1
52 52 0.1
52 47 0.1
52 64 0.1
52 56 0.1
52 15 0.1
52 53 0.1
52 49 0.1
53 28 0.1
53 78 0.6
53 26 0.3
54 45 0.1
54 48 0.1
54 25 0.1
54 24 0.1
54 60 0.1
54 56 0.1
54 53 0.1
54 28 0.1
54 21 0.1
54 3 0.1
55 42 1.0
56 69 0.2
56 13 0.2
56 61 0.1
56 79 0.1
56 63 0.1
56 6 0.1
56 7 0.1
56 50 0.1
57 33 0.1
57 63 0.4
57 56 0.3
57 43 0.2
58 25 0.3
58 62 0.2
58 59 0.5
59 2 0.6
59 6 0.4
60 69 0.3
60 41 0.2
60 15 0.2
60 66 0.3
61 56 0.5
61 62 0.5
62 48 0.8
62 77 0.2
63 19 1.0
64 3 0.7
64 27 0.3
65 75 0.4
65 53 0.2
65 51 0.4
66 75 0.6
66 27 0.4
67 16 0.3
67 69 0.7
68 3 0.1
68 63 0.1
68 41 0.1
68 25 0.1
68 21 0.1
68 68 0.3
68 20 0.1
68 28 0.1
69 56 0.1
69 19 0.1
69 44 0.1
69 3 0.3
69 41 0.2
69 67 0.1
69 57 0.1
70 18 0.2
70 66 0.2
70 6 0.4
70 17 0.1
70 15 0.1
71 78 0.2
71 58 0.8
72 37 0.1
72 32 0.1
72 35 0.1
72 76 0.1
72 20 0.2
72 30 0.1
72 27 0.1
72 4 0.2
73 29 0.1
73 52 0.2
73 45 0.1
73 37 0.1
73 5 0.1
73 75 0.1
73 30 0.1
73 2 0.2
74 25 1.0
75 15 0.2
75 58 0.2
75 39 0.1
75 22 0.2
75 35 0.2
75 66 0.1
76 8 0.1
76 5 0.2
76 18 0.1
76 59 0.1
76 61 0.1
76 52 0.1
76 6 0.1
76 27 0.2
77 62 0.5
77 31 0.5
78 31 0.3
78 8 0.2
78 48 0.3
78 26 0.1
78 73 0.1
79 37 0.1
79 62 0.1
79 25 0.1
79 13 0.1
79 79 0.1
79 50 0.1
79 77 0.1
79 47 0.1
79 53 0.1
79 55 0.1