24

4 4
0 1
1 2
2 3
3 0
3 3
1 0
1 2
0 2
3 2
0 1
0 2
3 3
1 1
0 2
1 2

3 4
1 2
0 1
1 0
0 2
4 6
1 2
0 0
0 2
0 3
1 3
2 3
2 1
0 1
9 13
2 7
2 3
3 5
6 8
0 4
4 8
6 7
3 6
4 7
1 7
5 6
3 7
0 5
5 10
1 4
2 4
1 3
2 3
3 4
1 2
0 4
4 2
0 3
0 1

5 9
1 3
0 1
1 4
0 4
1 2
0 3
2 3
0 2
2 4
6 15
5 1
2 3
4 5
0 4
2 4
2 5
1 5
0 1
0 5
1 3
3 5
1 2
0 3
0 2
1 4
10 44
1 2
5 6
2 5
2 6
0 6
0 7
3 8
3 7
1 8
4 7
3 9
1 9
1 7
1 3
2 8
4 6
4 8
4 5
8 8
3 4
6 8
0 8
7 9
0 5
3 5
3 6
5 9
0 3
4 9
0 9
0 2
5 8
2 9
1 6
6 7
0 4
5 7
2 7
2 3
0 1
1 4
1 5
7 8
8 9
12 60
8 0
11 8
5 7
11 9
6 2
7 9
4 7
10 8
3 0
8 5
7 10
5 1
10 1
7 2
9 1
7 1
10 2
2 9
6 8
10 6
0 6
2 1
4 2
4 5
11 4
11 6
6 5
5 9
5 10
1 4
1 3
11 3
7 8
4 10
0 2
6 4
2 11
0 9
0 4
8 1
5 11
4 9
2 5
6 7
9 10
3 5
3 4
10 0
1 11
9 6
0 1
10 11
8 3
8 2
10 3
8 9
6 1
3 6
0 7
7 11
10 0


20 9
6 7
7 10
0 4
6 8
17 18
0 18
8 14
13 17
3 17
20 36
3 19
1 14
9 14
3 13
0 8
9 16
4 7
4 13
4 6
6 8
4 12
4 9
6 18
13 17
10 14
0 5
8 10
14 17
10 19
8 12
2 12
9 10
17 17
12 13
9 15
2 5
18 19
5 6
9 11
9 13
0 3
0 19
1 15
13 16
5 9
6 17
29 30
27 28
15 24
8 27
9 17
3 12
2 5
1 8
1 25
7 21
16 3
18 22
13 20
11 22
6 23
10 13
1 17
19 23
7 16
18 25
2 9
15 26
15 10
0 7
1 12
2 10
15 1
17 25
10 19
7 15
10 28
24 12
3 16
9 12
9 13
2 3
3 23
5 12
7 13
7 21
2 13
8 13
2 14
4 17
29 111
1 5
16 27
12 15
4 25
15 22
10 11
7 17
2 28
3 22
17 20
14 27
11 12
21 22
4 26
18 20
9 18
17 28
18 26
11 13
22 25
1 18
24 25
11 16
6 20
7 12
5 8
25 27
9 17
0 3
17 27
5 18
25 26
5 7
9 26
5 14
1 12
2 11
9 10
4 17
0 26
5 28
1 20
0 2
20 25
4 15
14 22
8 11
9 11
10 27
8 12
0 4
21 25
21 27
1 11
5 21
0 22
20 26
12 16
15 18
2 20
12 26
15 25
14 21
9 14
8 17
11 15
7 28
5 6
7 22
0 18
5 10
13 25
3 18
19 25
9 21
3 24
3 17
6 26
2 19
14 26
21 23
1 4
3 20
4 20
6 24
5 13
28 2
5 24
10 19
11 20
7 25
6 8
3 27
7 8
4 16
6 18
1 25
14 25
8 21
12 22
18 22
7 23
12 28
9 22
3 28
7 16
3 15
6 23
11 19
19 26
3 14


50 69
0 12
11 46
49 16
34 44
18 38
3 21
9 46
7 9
33 34
2 35
34 35
6 30
25 42
38 49
18 39
5 24
16 32
15 28
34 46
11 23
7 42
3 27
5 31
14 28
10 22
5 14
0 30
23 29
11 39
35 36
10 47
14 35
7 31
0 4
37 46
16 49
29 49
16 47
41 46
3 46
24 43
31 47
8 12
4 47
19 36
22 38
33 46
5 34
12 39
17 38
10 24
9 28
44 47
43 45
32 33
38 47
4 7
37 41
23 37
28 37
4 11
1 29
0 36
10 34
6 21
18 33
9 25
21 41
7 34
50 49
7 11
18 28
13 34
21 38
17 31
24 40
13 47
9 23
17 35
24 32
34 44
0 40
31 46
0 12
2 38
6 26
14 37
11 33
24 33
0 23
28 46
5 20
47 48
23 25
6 34
3 39
4 42
18 44
27 48
31 36
13 27
24 45
9 47
37 40
35 37
39 42
4 36
44 18
19 20
11 37
35 41
7 41
19 25
1 21
8 37
2 46
41 43
27 29
6 39
59 90
24 31
6 43
17 46
25 56
19 55
12 49
14 42
14 30
23 28
17 44
12 26
29 36
3 30
11 31
19 35
9 18
9 34
7 13
16 52
46 49
24 40
8 52
12 46
3 58
5 26
10 56
5 58
7 31
27 35
5 49
36 55
11 38
13 44
12 40
2 41
9 27
45 57
8 9
36 46
49 58
10 27
14 18
11 17
22 47
12 48
30 32
9 31
9 43
3 23
20 21
1 17
2 22
5 41
1 31
52 8
10 58
0 53
19 36
23 44
7 41
10 35
9 37
25 29
0 49
6 14
8 43
17 37
13 48
24 58
7 42
18 20
5 33
8 32
3 41
39 43
14 44
17 56
18 23
28 30
11 19
41 45
6 36
9 45
0 54
0 45
17 47
41 51
14 48
8 56
43 58
54 100
29 43
1 21
26 31
16 44
17 19
20 37
29 40
10 20
14 28
14 31
39 49
6 12
13 34
18 44
17 18
2 31
2 49
11 41
0 44
24 44
10 29
42 47
8 26
46 52
15 39
39 40
43 45
6 43
45 48
16 41
23 49
30 42
30 50
6 44
4 28
27 36
23 32
34 35
10 36
9 10
28 33
36 47
19 35
34 42
12 50
8 21
29 47
23 24
17 24
31 41
11 38
7 20
26 27
24 52
2 41
27 49
26 34
48 49
28 36
37 43
12 43
31 47
7 35
28 50
34 37
0 2
36 50
11 50
26 49
11 23
41 51
12 26
9 40
22 26
24 35
46 49
6 53
3 51
1 31
17 45
37 52
14 20
13 15
28 43
13 31
3 50
3 19
15 18
37 40
18 43
6 8
4 38
26 30
6 39
40 51
12 14
17 40
19 42
27 38
24 51
59 88
45 54
19 55
53 56
27 30
35 56
7 9
4 38
21 36
3 41
11 58
35 44
3 30
28 37
3 52
11 27
11 33
44 53
14 23
31 54
17 48
4 5
10 50
2 5
28 30
7 36
2 8
14 44
24 42
3 6
49 53
28 38
11 41
12 54
16 27
40 50
5 21
9 39
34 44
6 14
39 56
24 58
45 58
8 36
29 49
12 41
2 47
10 32
14 39
23 29
12 20
34 49
4 26
2 7
20 48
18 23
8 17
11 45
28 56
20 52
37 51
6 37
45 57
1 40
6 26
0 21
6 47
12 58
3 11
19 44
30 44
45 47
46 53
2 52
1 11
14 19
1 39
16 46
10 29
27 43
4 47
4 19
2 54
1 15
9 18
0 58
23 42
25 32
7 23
